1.376219999999999999e+00
1.364920000000000133e+00
1.363320000000000087e+00
1.361589999999999856e+00
1.362530000000000019e+00
1.362520000000000175e+00
1.355879999999999974e+00
1.356649999999999912e+00
1.364729999999999999e+00
1.367839999999999945e+00
1.366210000000000147e+00
1.363460000000000116e+00
1.362279999999999935e+00
1.361169999999999991e+00
1.353250000000000064e+00
1.353560000000000096e+00
1.354139999999999899e+00
1.362049999999999983e+00
1.369429999999999925e+00
1.368920000000000137e+00
1.365879999999999983e+00
1.368239999999999901e+00
1.364410000000000123e+00
1.361320000000000086e+00
1.355210000000000026e+00
1.351099999999999968e+00
1.349839999999999929e+00
1.351059999999999928e+00
1.352110000000000145e+00
1.353470000000000173e+00
1.358859999999999957e+00
1.356989999999999919e+00
1.364419999999999966e+00
1.365320000000000089e+00
1.357029999999999959e+00
1.367189999999999905e+00
1.368929999999999980e+00
1.371469999999999967e+00
1.375520000000000076e+00
1.369690000000000074e+00
1.374889999999999946e+00
1.373399999999999954e+00
1.375410000000000021e+00
1.364689999999999959e+00
1.376749999999999918e+00
1.377639999999999976e+00
1.375680000000000014e+00
1.374090000000000034e+00
1.375250000000000083e+00
1.385970000000000146e+00
1.386309999999999931e+00
1.385729999999999906e+00
1.389589999999999881e+00
1.394910000000000094e+00
1.388820000000000165e+00
1.389539999999999997e+00
1.390060000000000073e+00
1.388099999999999890e+00
1.375850000000000017e+00
1.380800000000000027e+00
1.384009999999999962e+00
1.377050000000000107e+00
1.378370000000000095e+00
1.376940000000000053e+00
1.374649999999999928e+00
1.377589999999999870e+00
1.380870000000000042e+00
1.376849999999999907e+00
1.369639999999999969e+00
1.369860000000000078e+00
1.379000000000000004e+00
1.382649999999999935e+00
1.388220000000000010e+00
1.388300000000000090e+00
1.379920000000000035e+00
1.383250000000000091e+00
1.381790000000000074e+00
1.379340000000000011e+00
1.382460000000000022e+00
1.384229999999999849e+00
1.385129999999999972e+00
1.379929999999999879e+00
1.388739999999999863e+00
1.386820000000000164e+00
1.394249999999999989e+00
1.391170000000000018e+00
1.385279999999999845e+00
1.376519999999999966e+00
1.373499999999999943e+00
1.371860000000000079e+00
1.367289999999999894e+00
1.369539999999999980e+00
1.369870000000000143e+00
1.365099999999999980e+00
1.364910000000000068e+00
1.365129999999999955e+00
1.362670000000000048e+00
1.361609999999999987e+00
1.362260000000000026e+00
1.360200000000000076e+00
1.361670000000000158e+00
1.360389999999999988e+00
1.354479999999999906e+00
1.366120000000000001e+00
1.363520000000000065e+00
1.359050000000000091e+00
1.353860000000000063e+00
1.352249999999999952e+00
1.354829999999999979e+00
1.356849999999999890e+00
1.355560000000000098e+00
1.361809999999999965e+00
1.360079999999999956e+00
1.359439999999999982e+00
1.360940000000000039e+00
1.361890000000000045e+00
1.362200000000000077e+00
1.365629999999999900e+00
1.367909999999999959e+00
1.365760000000000085e+00
1.359429999999999916e+00
1.361680000000000001e+00
1.360810000000000075e+00
1.362620000000000164e+00
1.358020000000000005e+00
1.352439999999999864e+00
1.352640000000000065e+00
1.352249999999999952e+00
1.346700000000000008e+00
1.344740000000000046e+00
1.344999999999999973e+00
1.342929999999999957e+00
1.338400000000000034e+00
1.338189999999999991e+00
1.339289999999999869e+00
1.341920000000000002e+00
1.336799999999999988e+00
1.338559999999999972e+00
1.336310000000000109e+00
1.342410000000000103e+00
1.334510000000000085e+00
1.340449999999999919e+00
1.340689999999999937e+00
1.338260000000000005e+00
1.334629999999999983e+00
1.329329999999999901e+00
1.326110000000000122e+00
1.325949999999999962e+00
1.320110000000000117e+00
1.316599999999999993e+00
1.320840000000000014e+00
1.317150000000000043e+00
1.313229999999999897e+00
1.312249999999999917e+00
1.313520000000000021e+00
1.301670000000000105e+00
1.294359999999999955e+00
1.293819999999999970e+00
1.289619999999999989e+00
1.291479999999999961e+00
1.294569999999999999e+00
1.291949999999999932e+00
1.294070000000000054e+00
1.295080000000000009e+00
1.292440000000000033e+00
1.294540000000000024e+00
1.295910000000000117e+00
1.290679999999999827e+00
1.286279999999999868e+00
1.291390000000000038e+00
1.287629999999999830e+00
1.286370000000000013e+00
1.285370000000000124e+00
1.285760000000000014e+00
1.278769999999999962e+00
1.272629999999999928e+00
1.275050000000000017e+00
1.268000000000000016e+00
1.269820000000000171e+00
1.258580000000000032e+00
1.261630000000000029e+00
1.262999999999999901e+00
1.267529999999999824e+00
1.253300000000000081e+00
1.252799999999999914e+00
1.259309999999999929e+00
1.266129999999999978e+00
1.263439999999999896e+00
1.263570000000000082e+00
1.267670000000000075e+00
1.274310000000000054e+00
1.272479999999999833e+00
1.268720000000000070e+00
1.262599999999999945e+00
1.267989999999999950e+00
1.268150000000000110e+00
1.270279999999999854e+00
1.264890000000000070e+00
1.264410000000000034e+00
1.274479999999999835e+00
1.277239999999999931e+00
1.279449999999999976e+00
1.279029999999999889e+00
1.275099999999999900e+00
1.280270000000000019e+00
1.283270000000000133e+00
1.275150000000000006e+00
1.278320000000000123e+00
1.276229999999999976e+00
1.273779999999999912e+00
1.268229999999999968e+00
1.264000000000000012e+00
1.263109999999999955e+00
1.265149999999999997e+00
1.268429999999999946e+00
1.271390000000000020e+00
1.276399999999999979e+00
1.259549999999999947e+00
1.258950000000000014e+00
1.259349999999999969e+00
1.256210000000000049e+00
1.250120000000000120e+00
1.248179999999999845e+00
1.249670000000000059e+00
1.249570000000000070e+00
1.252059999999999951e+00
1.255029999999999868e+00
1.248589999999999867e+00
1.248760000000000092e+00
1.238260000000000138e+00
1.240250000000000075e+00
1.245689999999999964e+00
1.242589999999999861e+00
1.247700000000000031e+00
1.246070000000000011e+00
1.244809999999999972e+00
1.248310000000000031e+00
1.251759999999999984e+00
1.253429999999999822e+00
1.253479999999999928e+00
1.253679999999999906e+00
1.255689999999999973e+00
1.255489999999999995e+00
1.243209999999999926e+00
1.240399999999999947e+00
1.244099999999999984e+00
1.246279999999999832e+00
1.246770000000000156e+00
1.251060000000000061e+00
1.245849999999999902e+00
1.246890000000000054e+00
1.245610000000000106e+00
1.244279999999999831e+00
1.238729999999999887e+00
1.230380000000000029e+00
1.238739999999999952e+00
1.243260000000000032e+00
1.244480000000000031e+00
1.242580000000000018e+00
1.244199999999999973e+00
1.242770000000000152e+00
1.246050000000000102e+00
1.240429999999999922e+00
1.233319999999999972e+00
1.223179999999999934e+00
1.218770000000000131e+00
1.204870000000000108e+00
1.197000000000000064e+00
1.192370000000000152e+00
1.192299999999999915e+00
1.194910000000000139e+00
1.185810000000000031e+00
1.183410000000000073e+00
1.177249999999999908e+00
1.179120000000000168e+00
1.178309999999999969e+00
1.184039999999999981e+00
1.181340000000000057e+00
1.183740000000000014e+00
1.177699999999999969e+00
1.178270000000000151e+00
1.179640000000000022e+00
1.177520000000000122e+00
1.171329999999999982e+00
1.160390000000000033e+00
1.162329999999999863e+00
1.159479999999999844e+00
1.149289999999999923e+00
1.158509999999999929e+00
1.162060000000000093e+00
1.158949999999999925e+00
1.158260000000000067e+00
1.159929999999999906e+00
1.161429999999999962e+00
1.156109999999999971e+00
1.145429999999999948e+00
1.136720000000000175e+00
1.123939999999999939e+00
1.124959999999999960e+00
1.118360000000000021e+00
1.123560000000000114e+00
1.124009999999999954e+00
1.128149999999999986e+00
1.139350000000000085e+00
1.135639999999999983e+00
1.133529999999999927e+00
1.127099999999999991e+00
1.133259999999999934e+00
1.133089999999999931e+00
1.129520000000000080e+00
1.128910000000000080e+00
1.131860000000000088e+00
1.133979999999999988e+00
1.143789999999999862e+00
1.150979999999999892e+00
1.145489999999999897e+00
1.142009999999999970e+00
1.139259999999999939e+00
1.142639999999999878e+00
1.139170000000000016e+00
1.131599999999999939e+00
1.131320000000000103e+00
1.128920000000000146e+00
1.132149999999999990e+00
1.131379999999999830e+00
1.131450000000000067e+00
1.134689999999999976e+00
1.142300000000000093e+00
1.139460000000000139e+00
1.134840000000000071e+00
1.142370000000000108e+00
1.139650000000000052e+00
1.138120000000000021e+00
1.136720000000000175e+00
1.132720000000000171e+00
1.136170000000000124e+00
1.132639999999999869e+00
1.133680000000000021e+00
1.132949999999999902e+00
1.136920000000000153e+00
1.136050000000000004e+00
1.125570000000000181e+00
1.121159999999999934e+00
1.118149999999999977e+00
1.119790000000000063e+00
1.118530000000000024e+00
1.118410000000000126e+00
1.112300000000000066e+00
1.106999999999999984e+00
1.106270000000000087e+00
1.099590000000000067e+00
1.094029999999999836e+00
1.086060000000000025e+00
1.087520000000000042e+00
1.079220000000000068e+00
1.074200000000000044e+00
1.070710000000000051e+00
1.066559999999999953e+00
1.060589999999999922e+00
1.054459999999999953e+00
1.056329999999999991e+00
1.063790000000000013e+00
1.059670000000000112e+00
1.060370000000000035e+00
1.051520000000000010e+00
1.050989999999999869e+00
1.059089999999999865e+00
1.059070000000000178e+00
1.062620000000000120e+00
1.060840000000000005e+00
1.063309999999999977e+00
1.079339999999999966e+00
1.077080000000000037e+00
1.066679999999999851e+00
1.065320000000000045e+00
1.065949999999999953e+00
1.079220000000000068e+00
1.085399999999999920e+00
1.078400000000000025e+00
1.091979999999999951e+00
1.091709999999999958e+00
1.098389999999999977e+00
1.098700000000000010e+00
1.091050000000000075e+00
1.096549999999999914e+00
1.097040000000000015e+00
1.098229999999999817e+00
1.100160000000000027e+00
1.092889999999999917e+00
1.088300000000000045e+00
1.088870000000000005e+00
1.090559999999999974e+00
1.085749999999999993e+00
1.082300000000000040e+00
1.072850000000000081e+00
1.073570000000000135e+00
1.074410000000000087e+00
1.077320000000000055e+00
1.081479999999999997e+00
1.088870000000000005e+00
1.099280000000000035e+00
1.102649999999999908e+00
1.090439999999999854e+00
1.087520000000000042e+00
1.086740000000000039e+00
1.082019999999999982e+00
1.078610000000000069e+00
1.077399999999999913e+00
1.065649999999999986e+00
1.058449999999999891e+00
1.059629999999999850e+00
1.052789999999999893e+00
1.058740000000000014e+00
1.055839999999999890e+00
1.066920000000000091e+00
1.065029999999999921e+00
1.060899999999999954e+00
1.060950000000000060e+00
1.066330000000000000e+00
1.073470000000000146e+00
1.072720000000000118e+00
1.076130000000000031e+00
1.081720000000000015e+00
1.077849999999999975e+00
1.078160000000000007e+00
1.074270000000000058e+00
1.074210000000000109e+00
1.068540000000000045e+00
1.073929999999999829e+00
1.073919999999999986e+00
1.075729999999999853e+00
1.072920000000000096e+00
1.067499999999999893e+00
1.073579999999999979e+00
1.082479999999999887e+00
1.088090000000000002e+00
1.084200000000000053e+00
1.086600000000000010e+00
1.084510000000000085e+00
1.088889999999999914e+00
1.091599999999999904e+00
1.096929999999999961e+00
1.097629999999999884e+00
1.103260000000000129e+00
1.111770000000000147e+00
1.115580000000000016e+00
1.111760000000000081e+00
1.117140000000000022e+00
1.113140000000000018e+00
1.118129999999999846e+00
1.121389999999999887e+00
1.121599999999999930e+00
1.113029999999999964e+00
1.113620000000000054e+00
1.116439999999999877e+00
1.118249999999999966e+00
1.123589999999999867e+00
1.135729999999999906e+00
1.134449999999999958e+00
1.128539999999999877e+00
1.125170000000000003e+00
1.121379999999999821e+00
1.116740000000000066e+00
1.114419999999999966e+00
1.119639999999999969e+00
1.124400000000000066e+00
1.124209999999999932e+00
1.132129999999999859e+00
1.138379999999999947e+00
1.141529999999999934e+00
1.139990000000000059e+00
1.133520000000000083e+00
1.143789999999999862e+00
1.138830000000000009e+00
1.130129999999999857e+00
1.117820000000000036e+00
1.114900000000000002e+00
1.111609999999999987e+00
1.107890000000000041e+00
1.112900000000000000e+00
1.112470000000000070e+00
1.114900000000000002e+00
1.103599999999999914e+00
1.097560000000000091e+00
1.090840000000000032e+00
1.091900000000000093e+00
1.091539999999999955e+00
1.083770000000000122e+00
1.091450000000000031e+00
1.089460000000000095e+00
1.093590000000000062e+00
1.095929999999999849e+00
1.097750000000000004e+00
1.092149999999999954e+00
1.090870000000000006e+00
1.097949999999999982e+00
1.112570000000000059e+00
1.117699999999999916e+00
1.111380000000000035e+00
1.122999999999999998e+00
1.125680000000000014e+00
1.134510000000000129e+00
1.128620000000000179e+00
1.122700000000000031e+00
1.112129999999999841e+00
1.110710000000000086e+00
1.115960000000000063e+00
1.120070000000000121e+00
1.131839999999999957e+00
1.127310000000000034e+00
1.128600000000000048e+00
1.132120000000000015e+00
1.129000000000000004e+00
1.128479999999999928e+00
1.122519999999999962e+00
1.121950000000000003e+00
1.121660000000000101e+00
1.122510000000000119e+00
1.123629999999999907e+00
1.125720000000000054e+00
1.124900000000000011e+00
1.125199999999999978e+00
1.135510000000000019e+00
1.141420000000000101e+00
1.130600000000000049e+00
1.137539999999999996e+00
1.136429999999999829e+00
1.128100000000000103e+00
1.116559999999999997e+00
1.117310000000000025e+00
1.121110000000000051e+00
1.121050000000000102e+00
1.119929999999999870e+00
1.120520000000000183e+00
1.097650000000000015e+00
1.110310000000000130e+00
1.115399999999999947e+00
1.118940000000000046e+00
1.119709999999999983e+00
1.114210000000000145e+00
1.112670000000000048e+00
1.105860000000000065e+00
1.107189999999999896e+00
1.110029999999999850e+00
1.111320000000000086e+00
1.105410000000000004e+00
1.103629999999999889e+00
1.106570000000000054e+00
1.097560000000000091e+00
1.094510000000000094e+00
1.099280000000000035e+00
1.103939999999999921e+00
1.106270000000000087e+00
1.107650000000000023e+00
1.105240000000000000e+00
1.103729999999999878e+00
1.111320000000000086e+00
1.117890000000000050e+00
1.113829999999999876e+00
1.108000000000000096e+00
1.100779999999999870e+00
1.100260000000000016e+00
1.102200000000000069e+00
1.100679999999999881e+00
1.094879999999999853e+00
1.093660000000000077e+00
1.086810000000000054e+00
1.088039999999999896e+00
1.087970000000000104e+00
1.083280000000000021e+00
1.085460000000000091e+00
1.082689999999999930e+00
1.090000000000000080e+00
1.095839999999999925e+00
1.092170000000000085e+00
1.092300000000000049e+00
1.097800000000000109e+00
1.097960000000000047e+00
1.093820000000000014e+00
1.096779999999999866e+00
1.107829999999999870e+00
1.110479999999999912e+00
1.106940000000000035e+00
1.103690000000000060e+00
1.104270000000000085e+00
1.102950000000000097e+00
1.096820000000000128e+00
1.094100000000000072e+00
1.093660000000000077e+00
1.096740000000000048e+00
1.104670000000000041e+00
1.098410000000000108e+00
1.096749999999999892e+00
1.096239999999999881e+00
1.096029999999999838e+00
1.086449999999999916e+00
1.090410000000000101e+00
1.090820000000000123e+00
1.087739999999999929e+00
1.094570000000000043e+00
1.089450000000000029e+00
1.096310000000000118e+00
1.099970000000000114e+00
1.097860000000000058e+00
1.107050000000000090e+00
1.104610000000000092e+00
1.113050000000000095e+00
1.120979999999999865e+00
1.113920000000000021e+00
1.111179999999999835e+00
1.114779999999999882e+00
1.114749999999999908e+00
1.108820000000000139e+00
1.107550000000000034e+00
1.106029999999999847e+00
1.106070000000000109e+00
1.105760000000000076e+00
1.114239999999999897e+00
1.118239999999999901e+00
1.123340000000000005e+00
1.125720000000000054e+00
1.134239999999999915e+00
1.143240000000000034e+00
1.147589999999999888e+00
1.167370000000000019e+00
1.158770000000000078e+00
1.158600000000000074e+00
1.155999999999999917e+00
1.148470000000000102e+00
1.145240000000000036e+00
1.149410000000000043e+00
1.148810000000000109e+00
1.141850000000000032e+00
1.139529999999999932e+00
1.132060000000000066e+00
1.129379999999999828e+00
1.122229999999999839e+00
1.124290000000000012e+00
1.126270000000000104e+00
1.118100000000000094e+00
1.121279999999999832e+00
1.121750000000000025e+00
1.128390000000000004e+00
1.125089999999999923e+00
1.127680000000000016e+00
1.125689999999999857e+00
1.123780000000000001e+00
1.122360000000000024e+00
1.110810000000000075e+00
1.112579999999999902e+00
1.111450000000000049e+00
1.116329999999999822e+00
1.114170000000000105e+00
1.120430000000000037e+00
1.118070000000000119e+00
1.117760000000000087e+00
1.115510000000000002e+00
1.120470000000000077e+00
1.121970000000000134e+00
1.127660000000000107e+00
1.127760000000000096e+00
1.134429999999999827e+00
1.129560000000000120e+00
1.132090000000000041e+00
1.126510000000000122e+00
1.121820000000000039e+00
1.129929999999999879e+00
1.131440000000000001e+00
1.143520000000000092e+00
1.144949999999999912e+00
1.135660000000000114e+00
1.128410000000000135e+00
1.116710000000000091e+00
1.113220000000000098e+00
1.115909999999999958e+00
1.119250000000000078e+00
1.126829999999999998e+00
1.113289999999999891e+00
1.119650000000000034e+00
1.115970000000000129e+00
1.125340000000000007e+00
1.122570000000000068e+00
1.122879999999999878e+00
1.118290000000000006e+00
1.115720000000000045e+00
1.116620000000000168e+00
1.129990000000000050e+00
1.123279999999999834e+00
1.121650000000000036e+00
1.120670000000000055e+00
1.127610000000000001e+00
1.127210000000000045e+00
1.125250000000000083e+00
1.127429999999999932e+00
1.129650000000000043e+00
1.134700000000000042e+00
1.138470000000000093e+00
1.136630000000000029e+00
1.137310000000000043e+00
1.140439999999999898e+00
1.147389999999999910e+00
1.140360000000000040e+00
1.136600000000000055e+00
1.137650000000000050e+00
1.131890000000000063e+00
1.133529999999999927e+00
1.133970000000000145e+00
1.134339999999999904e+00
1.130940000000000056e+00
1.117860000000000076e+00
1.111279999999999824e+00
1.104020000000000001e+00
1.103320000000000078e+00
1.104910000000000059e+00
1.107320000000000082e+00
1.103350000000000053e+00
1.106910000000000061e+00
1.092530000000000001e+00
1.095690000000000053e+00
1.097670000000000146e+00
1.106090000000000018e+00
